- ID: 1
  label: Snorgle
  horizontalPosition: 8.8865754699707e+2
  width: 6e+0
- ID: 2
  label: Characters
  horizontalPosition: 1.72170883178711e+3
  width: 4e+0
- ID: 3
  label: Flongwaffle
  horizontalPosition: 2.16245599365235e+3
  width: 8e+0
