- ID: 1
  label: Snorgle
  horizontalPosition: 8.68996536254883e+2
  width: 6e+0
- ID: 2
  label: Characters
  horizontalPosition: 1.16922360229492e+3
  width: 4e+0
- ID: 3
  label: Flongwaffle
  horizontalPosition: 1.38421295166016e+3
  width: 8e+0
