- ID: 1
  label: Snorgle
  horizontalPosition: 8.9121622794015e+2
  width: 6e+0
- ID: 2
  label: Characters
  horizontalPosition: 1.79024843488421e+3
  width: 4e+0
- ID: 3
  label: Flongwaffle
  horizontalPosition: 2.82484274146671e+3
  width: 8e+0
