- ID: 1
  label: Snorgle
  horizontalPosition: 8.8865754699707e+2
  width: 6e+0
- ID: 2
  label: Characters
  horizontalPosition: 1.18888461303711e+3
  width: 4e+0
- ID: 3
  label: Flongwaffle
  horizontalPosition: 1.40387396240235e+3
  width: 8e+0
