- ID: 1
  label: Snorgle
  horizontalPosition: 2.35068299278847e+3
  width: 6e+0
- ID: 2
  label: Characters
  horizontalPosition: 2.18156971153846e+3
  width: 4e+0
- ID: 3
  label: Flongwaffle
  horizontalPosition: 2.06573076923077e+3
  width: 8e+0
