- ID: 1
  label: Snorgle
  horizontalPosition: 1.36967638221154e+3
  width: 6e+0
- ID: 2
  label: Characters
  horizontalPosition: 1.20056310096154e+3
  width: 4e+0
- ID: 3
  label: Flongwaffle
  horizontalPosition: 1.11113341346154e+3
  width: 8e+0
