- ID: 1
  label: Snorgle
  horizontalPosition: 1.47929777644231e+3
  width: 6e+0
- ID: 2
  label: Characters
  horizontalPosition: 1.31018449519231e+3
  width: 4e+0
- ID: 3
  label: Flongwaffle
  horizontalPosition: 1.22075480769231e+3
  width: 8e+0
