- ID: 1
  label: Snorgle
  horizontalPosition: 1.20736789772727e+3
  width: 6e+0
- ID: 2
  label: Characters
  horizontalPosition: 2.00528196022727e+3
  width: 4e+0
- ID: 3
  label: Flongwaffle
  horizontalPosition: 2.26652414772727e+3
  width: 8e+0
