- ID: 1
  label: Snorgle
  horizontalPosition: 7.45694458007812e+2
  width: 6e+0
- ID: 2
  label: Characters
  horizontalPosition: 8.90032043457031e+2
  width: 4e+0
- ID: 3
  label: Flongwaffle
  horizontalPosition: 1.06467590332031e+3
  width: 8e+0
