- ID: 1
  label: Snorgle
  horizontalPosition: 7.16333048502604e+2
  width: 6e+0
- ID: 2
  label: Characters
  horizontalPosition: 1.43927744547526e+3
  width: 4e+0
- ID: 3
  label: Flongwaffle
  horizontalPosition: 2.22721872965495e+3
  width: 8e+0
